created_date,credit,plusACC,balance,amount,type,detail,id,photo_upload_id
2024-06-23 11:20:00,1980,10720,9720,1,적립,노브랜드 유기농쌀과자단호박[55g],1,1
2024-06-21 16:45:00,1000,8740,7740,1,소비,환전,2,
2024-06-20 15:45:00,690,8740,8740,1,적립,햇반 유기농쌀밥 210g*12개입,3,2
2024-06-13 09:20:00,2000,8050,8050,1,소비,환전,4,
2024-06-10 15:28:00,3870,8050,10050,1,적립,큐원 갈색설탕[15kg],5,3
2024-06-05 12:10:00,1000,4180,6180,1,소비,기부,6,
2024-06-05 12:00:00,1400,4180,7180,10,적립,지구대장 순수유기농현미과자 30g,7,4
2024-06-02 15:30:00,2780,2780,5780,1,적립,포밍 주방세제 시트러스향,8,5
2024-05-20 16:30:00,3000,3000,3000,1,적립,친환경 저민마늘(봉),9,6